8.501094296233284240e+02	7.547882408174547209e+02	2.541606430750252343e+02
6.908343685708666726e+01	-7.703223072637741780e+02	7.503584830609122491e+01
-4.142650558561091430e+02	6.874366840492028814e+02	-8.101636363753114267e+01
-9.689343887292716317e+01	4.170426226523396167e+02	-1.299992757792105067e+02
6.414511990120317364e+01	-1.178282878356970741e+03	9.614869217458546302e+01
6.934870028417797130e+02	-4.137707836115458804e+02	7.902623200626547373e+01
8.088819585436182251e+02	3.776756413380718413e+01	-8.338817179466273899e+01
7.863026570143231311e+02	-7.931002446580190224e+01	-5.832363318940876695e+01
-7.300438544258257423e+01	1.164758251970812353e+03	1.373747003837521845e+02
3.993338645105291107e+02	-6.895389420322671867e+02	-1.085673779611297789e+02
1.805883211389013638e+02	-1.624928213842311209e+02	4.706487574759294148e+02
7.906568759254645329e+02	6.430405496825788987e+02	2.686299664694018929e+02
3.083224991264078341e+01	8.386213329621486992e+02	3.913864232833452661e+02
1.748563157442787031e+02	7.780515516751132736e+02	3.019101528948025859e+01
3.260861919364717920e+00	1.181985585252001101e+03	6.312819942530754957e+00
4.627554225691281431e+02	-6.681486400464514190e+02	-7.919084317069976464e+01
7.411531555202861909e+02	5.955429387361687077e+02	2.882061389043751092e+02
2.237784797375405503e+02	-1.049466867264863623e+02	4.765520656778068656e+02
-1.265484373751510461e+01	1.185250883914362248e+03	2.627685324314492732e+01
-6.352078997456580822e+01	-8.053930357616711717e+02	7.482606771621946962e+01
1.207688091742610403e+01	-3.963011069633876104e+02	1.037927193308224538e+01
6.397138918206049993e+02	-4.776023065275126669e+02	5.110789571168010070e+01
-6.633094716071974517e+02	-4.430883976523064121e+02	7.276277526713057853e+01
-7.784154581637451997e+01	-4.452503475571469949e+02	1.575464905830284579e+02
-8.118758897149866982e+00	-7.729730429556407216e+02	4.101853055300067012e+02
5.131066447665434680e+02	-6.248408899743568554e+02	-3.973685351604459015e+01
-8.120158981823618660e+01	-1.655170091030012145e+02	3.740556152160935994e+02
1.229898367949514153e+02	-2.075322488862186674e+02	4.791690403353044303e+02
1.499818920016452921e+02	-1.775219281966047333e+02	4.788516342651001878e+02
3.853171063037333965e+02	1.062928127509194098e+02	4.065027188558573243e+02
-3.400440030452199380e+01	4.166130232453830899e+02	-5.393577407138970159e+01
-7.312562495679597419e+01	-6.851530942445350547e+02	-3.857507519838183612e+02
7.867916538500483057e+02	-8.314407299909265703e+01	-6.361064155631455463e+01
-4.455595578432021284e+02	6.556238438262482759e+02	-6.431614332386045874e+01
-2.132968110847291427e+02	-7.681576651010742580e+02	1.196199843817023378e+00
-2.338512604386495752e+01	1.115317873618656904e+03	2.596356451386391200e+02
7.512623119470016491e+02	2.550931743430602694e+02	1.403616765300077596e+01
-2.085732260537007505e+02	-1.365691772653136695e+02	4.670259428760869014e+02
-1.128340901996272407e+02	7.900637517614202352e+02	4.690376771434625169e+01
-7.089044917723677486e+01	8.026419353788938906e+02	5.620276997062950386e+01
7.165588428603905413e+01	-1.159875107813613113e+03	1.787286360963223331e+02
7.116260334717199498e+01	-4.080206899493693413e+02	-1.193539584369662947e+02
6.707531725864960208e+02	-4.071558476951137209e+02	7.684838302783961694e+01
1.014170017681067975e+03	9.211325851001645333e+02	1.908441729733164891e+02
-8.048888260256467220e+02	2.848430456221833040e+01	-7.574904225096814514e+01
-1.511386126235732519e+01	-4.005858490154610081e+02	-1.952038650498654349e+01
6.467744680134485407e+02	4.556745673183074814e+02	3.280413427778077562e+02
-5.593519310867264949e+02	5.666820397380031409e+02	-5.770466242743344409e+00
2.115604443968766759e+02	7.647300107929910382e+02	-7.478734750580316337e+00
-1.125723447030003541e+02	-2.652740532613442497e+02	5.097145748676496169e+02
-6.241906282557606573e+02	-4.869556085220835371e+02	4.470289764144435196e+01
-6.175647547388770420e+01	4.880003591006713748e+01	-4.032573461306688500e+02
-1.628938115562844473e+02	-1.732895217981914016e+02	4.822496341511753712e+02
-3.392402976258109106e+02	7.415676536464079049e+01	4.163898770250842745e+02
-7.732953922193057679e+02	1.995183310045217979e+02	-3.905493053722212782e+00
-7.551366191249624649e+01	1.194270488798122415e+03	9.539538327261614370e+01
6.270148658892929205e+01	9.368682270643429320e+02	3.863013592207415172e+02
7.449262566397289902e+02	2.087139027364323454e+02	6.723303871182089608e+00
6.655458520979614150e+02	-4.413404618408453075e+02	7.805579544554643689e+01
7.440726168254222728e+00	1.073426731643556423e+03	-2.935390272153997557e+02
-7.494787159023577772e+01	6.916721916283369183e+02	3.930963648460695481e+02
3.913387038699242453e+02	7.087783269581904051e+02	-8.648399148559030891e+01
-5.723609336625470689e+01	-9.260275330561950113e+02	3.726593034386045815e+02
-8.228589185542662108e+02	7.076426020766070906e+02	2.574826134428874980e+02
2.395382194605093673e+01	1.209805868427354881e+03	-1.548777964539046970e+01
-2.614191464534064835e+01	2.736709303949751870e+02	-2.806192460147883594e+02
1.373578228239527022e-01	-3.906186488681235858e-01	-4.017128520149964288e+02
-6.987821036529334151e+02	3.832417046527054936e+02	7.539673560661618978e+01
-7.544859409500144238e+02	-2.825459357776198317e+02	4.671090010669310288e+01
-6.526238178522139606e+02	4.589236662543396505e+02	5.782600503911001510e+01
-3.111638126606979995e+02	3.674609754469086198e+01	4.294674363888844368e+02
-6.051712226806917982e+01	-4.071661008120076417e+02	6.662615046437319677e+01
-8.000326740014154439e+02	3.591769930492406360e+01	-7.595779018851855824e+01
5.415862673632583437e+02	3.569148152598313004e+02	3.461723185755638497e+02
-4.619616760107619768e+01	-1.170449584868168586e+03	-1.806615540321579658e+02
5.949438364286619318e+00	-7.961390091010858896e+02	3.869843289807051292e+02
6.042130918801384496e+02	-5.336402998058134699e+02	3.957307374877435535e+01
2.178633156397705761e+02	7.777105625876688464e+02	-4.259800515370338658e+00
-3.213626124171771892e+01	4.954661296609831425e+02	-2.526001686415296206e+02
-4.528074783611438079e+02	6.809165182291133078e+02	-7.150217701743500243e+01
-3.322092007493790788e+01	-3.568642261530582118e+02	5.219000360447296316e+02
2.919631183159967804e+02	-7.468236619237172818e+02	-3.611390165019535914e+01
-5.226416417626140856e+02	5.946369423760883137e+02	-1.311103188217400728e+01
-8.458497851742288276e+01	-1.187358321291438187e+03	-1.363874535134203541e+02
-6.772143794196944100e+02	4.173017424210864874e+02	8.977209655255389009e+01
-8.476426382731344233e+01	-6.341606973309899331e+02	-3.643667538954754264e+02
3.892437463113254381e+01	-7.459503774116760155e+01	-3.915281664967257029e+02
9.443515859081338704e+01	1.169052740635189593e+03	-1.397283366225955774e+02
-8.284742561655330917e+01	-9.331852747449595427e+02	3.735912060684086669e+02
7.566943477721059708e+01	3.904076130814092380e+02	-1.385267961523184681e+02
8.541370482660137498e+01	-1.457913851960413467e+02	-3.570358889253703865e+02
3.803148984710674654e+02	1.101166891856377390e+02	4.162807484371359692e+02
-7.094243277273385502e+02	3.969380500624591832e+02	8.678060561887045310e+01
-2.019096667100638598e+01	-1.169608861984559553e+03	-2.553248415948047167e+01
8.180169363226789301e+02	6.765634200399099427e+02	2.597912382583965609e+02
5.277488008110260580e+02	-5.989752538267096043e+02	-1.568574075118093525e+01
2.821877634136232871e+01	8.753908865351235136e+02	3.917824771972699409e+02
-7.178132114756500641e+02	5.704873272246896931e+02	2.927995311785740000e+02
4.895485286097056132e+01	5.664569951017726908e+02	-3.280673094709045472e+02
6.732752004422626158e+01	-9.112673081455544661e+02	-3.817650192274550704e+02
3.890187710676179478e+01	-4.202590519123991726e+02	-6.666409874493986365e+01
6.969188284981989909e+02	-3.833532770217454981e+02	8.211249609867135746e+01
-7.379427129744607328e+01	6.241265807255862228e+02	3.452521371262572529e+02
-2.578975754517555430e+01	-4.912682607489173847e+02	2.306082117910460170e+02
-1.222921178465948060e+02	7.819201359494807093e+02	3.735162805306534750e+01
2.081501907555160358e+02	-7.636898091781180256e+02	6.106613932517641175e+00
-3.494790479733153887e+01	4.525486206175593225e+02	-2.469815590575043132e+02
8.387933846242169977e+01	3.732285821228988993e+02	-1.336938260113598176e+02
-4.874484887653687792e+02	6.159484586628668694e+02	-3.994078167910121380e+01
6.960642804989932131e+01	-6.436763661013515048e+02	3.645445991636697727e+02
-5.409861905421455219e+01	-5.698432714154541827e+02	-3.173873281753151900e+02
-7.748658891525022909e+02	2.059703837347776698e+02	-5.065809302683099702e+00
1.302870678506908853e+01	1.082976720559794330e+03	-2.799225305434127904e+02
2.145159315939046252e+01	-2.853139053094554356e+02	2.645876657590723653e+02
3.033817508293913079e+01	3.189100725911139875e+02	-2.507149622693683853e+02
-2.614250779173461297e+02	7.774915388558472387e+02	-1.534903742905590818e+01
5.859843623758352749e+01	-7.808911460428746523e+02	7.498544923632570658e+01
2.809130027026751009e+02	7.534384393526830763e+02	-4.193883326294969294e+01
-3.422790654630750851e+02	7.383169218028696150e+02	-7.778286210917049459e+01
-5.869086889865286594e+02	3.786511311346457092e+02	3.322920569910727409e+02
-6.879901116303981325e+02	-4.187078344585469836e+02	9.698628111196100576e+01
4.705410411631148691e+02	2.288569452145886487e+02	3.611037704582788592e+02
-6.690249205482217576e+02	4.834049058399979231e+02	3.209700276741376683e+02
-1.771945657900764104e+01	-1.188461841083651052e+03	4.416265609284621085e+00
-3.490208072434591031e+02	8.496351177450397074e+01	4.270129492933683650e+02
5.498521876888445092e+01	5.651743035234467243e+02	-3.055040007396094097e+02
-8.635060898273263774e+02	7.635392753221108251e+02	2.345278132419490760e+02
-7.731854564978527833e+02	-2.703958412099143516e+02	3.522524454925498105e+01
-7.700129166983593905e+02	-2.568676746130530546e+02	1.808472950894379494e+01
7.964938361618719682e+02	6.698230708320325277e+01	-6.117476542935797568e+01
1.732575680257835060e+01	3.913268830501688171e+02	2.487912534986832469e+01
-4.217821630179487897e+02	6.747427083894083353e+02	-7.493293553567865217e+01
-8.631125159316089821e+02	7.508679197812933808e+02	2.548703805158271223e+02
2.506763073206521995e+02	7.537005155818359299e+02	-6.570328997472540067e+00
7.857947552094855155e+02	-1.864763139082307077e+02	-1.454631947832008798e+01
-5.897068275149929661e+01	-3.404370830674974968e+02	5.278524091270408007e+02
-8.299681624347334719e+01	1.195671443096021676e+03	1.451004524179421935e+02
-6.048159799416065425e+02	5.296101076635915206e+02	1.781817889911150843e+01
3.824637481918769311e+01	2.638956083181199688e+02	2.819393480660349951e+02
1.855385041811987037e+02	-7.747471877678000283e+02	1.913112094071900771e+01
7.685309534998344816e+02	-2.655180580128928227e+02	4.956944534098692401e+01
-3.354414813786260652e+02	3.737323030335740270e+01	4.042095365375818119e+02
1.942769865180835325e+02	-1.764475224252892929e+02	4.611290938593468240e+02
8.174129186200882913e+00	3.996136776097094412e+02	2.019276644564990519e+01
8.051741498806774189e+01	-3.648440049764549826e+02	1.731362240175158433e+02
8.981235946385030644e+00	-4.093903403222297470e+02	1.555111722221785397e+00
3.535081956769404314e+02	7.144330155551798498e+02	-7.851859102582314165e+01
-6.371531620171539601e+01	-4.001403853490670599e+02	9.872641919647851694e+01
3.095490868045898196e+02	-7.339804037069327478e+02	-5.830228189956269347e+01
7.062912544040587193e+01	5.876054547515585682e+02	-3.417720971140454935e+02
-3.752015358379059649e+02	1.141425779678547769e+02	3.960056699081630427e+02
5.578420549168120601e+01	-4.572099535715661318e+02	-2.142938752150257358e+02
1.182389899179091586e+01	5.308401713965951103e+02	-2.962688370320309446e+02
-2.858091692160657544e+02	7.518971222738573488e+02	-3.463051587904918449e+01
-6.178837910450398567e+02	4.076122708996781512e+02	3.227076024089800512e+02
4.246064296815231387e+02	-6.841052181786895972e+02	-9.898239616954447229e+01
4.139239412370359616e+01	-8.020719755428618782e+02	8.433239260284670991e+01
-6.692610056724363687e+01	6.253908063930589378e+02	3.529880582947683934e+02
-4.086961618421810272e+02	1.600660634340961792e+02	3.979033236637221762e+02
-5.558921285181429539e+02	-5.785460303395117307e+02	-1.535088969530595904e+01
-5.786246700199291126e+02	3.445309523604589685e+02	3.317919032605523739e+02
-6.830168349587231660e+02	4.914089525606261759e+02	3.005889551209036199e+02
9.233235074190655496e+02	8.048035825160409331e+02	2.328298575474982215e+02
-8.470601690389625560e+01	1.172920240859566775e+03	1.564597668722638559e+02
1.681220383046906974e+01	5.318890365074863666e+02	-2.924407394853169535e+02
8.610811820956064366e+01	-1.200372194953484950e+03	1.048537798492575774e+02
-8.581498243899523004e+02	7.457218965457624336e+02	2.508041607108715425e+02
8.162279002320426358e+00	-1.200615231156342816e+03	-1.151492100710632904e+00
7.826103302062329625e+00	-3.868748865483794930e+02	2.431595579987710209e+01
4.492483113767065674e+02	6.411032499061510634e+02	-6.258776185332772712e+01
7.714469911187230764e+02	2.206478180363035051e+02	1.093684266318881271e+01
9.888080188365426011e+02	8.887876226655369010e+02	2.102903014444759435e+02
1.716541622763688224e+01	-3.102811743270943907e+02	2.801687561124223862e+02
5.431084270668376348e+02	3.270858551988624185e+02	3.482592691821013204e+02
3.267262589054917044e+02	7.187908082185570038e+02	-6.727664873651326616e+01
2.792947083176180172e+02	-7.493413056651695570e+02	-5.572608118083630302e+01
-2.668004477069571578e+01	-8.238309396798508715e+02	4.018612426291100519e+02
-6.240369451852127725e+01	-1.163638631911761422e+03	-1.727935904361768849e+02
-4.874339657604681975e+02	6.334325796094026373e+02	-4.416708190715823434e+01
6.083991622466357541e+01	1.133810559310899635e+03	-2.177781697794697777e+02
-1.233647974911891083e+02	8.070481175815504002e+02	7.102056270750711064e+01
-9.221951214448982910e+02	8.175566014048685020e+02	2.276397438833073750e+02
6.978538929068614607e+02	4.068306478601113554e+02	8.439157724729646759e+01
1.047417678620112369e+01	-4.939064020249168721e+02	-2.645246291288104885e+02
7.708649112454136230e+02	6.536979102786569911e+02	2.683368902458099683e+02
-2.513127224473695875e+01	-1.220922944621395345e+03	-4.478787134835393857e+01
2.503187902605304060e+01	-1.041644688833355076e+03	-3.109896095114044670e+02
-7.054616149690372140e+01	3.960545795714779160e+02	-7.577110321950607386e+01
7.314744944600990095e+01	-3.914779385474056994e+02	1.577399873638028396e+02
7.713012793593156857e+01	-6.654307347256840330e+02	3.933460963754835120e+02
6.043339728329024183e+02	-5.414794526862148132e+02	1.275307410857576329e+01
-5.416822067801929563e+01	1.200789414308785808e+03	9.336782113403806704e+01
-3.911315311636425207e+01	-1.060523019640503435e+03	3.361602022082452095e+02
-2.036281926283043830e+01	-5.326142143202024499e+02	-3.029407775013442006e+02
5.770818554369227513e+02	-5.507602619217659594e+02	1.969179414025133923e+01
6.128945782663350172e+01	3.511282689001759536e+02	-2.274644793552436397e+02
8.530469156875794567e+01	4.448575979167343348e+02	1.831574083798824688e+02
-6.069864966798828476e+01	-9.349136559825018367e+02	3.702038945366663256e+02
-4.975188647779254438e+02	6.113418855189553369e+02	-4.958493371699030661e+01
8.222394855003991552e+02	7.069597169193476702e+02	2.625381367254856855e+02
3.672445462036159256e+02	7.063314660898953434e+02	-7.045992333956536413e+01
-7.819157720156860023e+02	1.218253004432017228e+01	-8.416415042400205948e+01
-6.568447775127526711e+02	4.473762690406664433e+02	7.821054481075381659e+01
2.345354588244867955e+02	-7.783428571657603925e+02	-2.648519800385135881e+01
7.971623643701883566e+02	4.437216567920771126e+01	-7.071940999768851555e+01
-1.119941305310725710e+01	8.087062524797303240e+02	-3.808350954587324395e+02
-2.395749973797344410e+02	7.721958429842497935e+02	-1.606353856660282275e+01
4.220412114296756840e+02	6.976833447647682078e+02	-9.513615317278275541e+01
5.222529490367589915e+02	2.916640766378737339e+02	3.722540832435085463e+02
3.106199480767809362e+01	-1.115114150818084227e+03	2.451862983809951686e+02
-5.384211781551479703e+01	-6.860601503734312701e+01	3.845036038987331040e+02
-3.425560209326367556e+01	-4.719563982820579184e+01	3.959310265269810429e+02
7.555756775793687439e+02	-2.368002895274036348e+02	2.186646329781658693e+01
1.743379250058911794e+02	-1.952100770431725323e+02	4.866552551849238171e+02
-5.808346779111834479e+01	-3.648567810119877777e+02	-1.864496457814271650e+02
-5.380847669871916850e+01	-3.274605335262937160e+02	-2.296020143351065599e+02
5.298810021141420066e+02	5.882345525518925342e+02	-1.737137567208938549e+01
-6.293914094426502004e+01	-8.160697294040281804e+02	6.285003190033577170e+01
7.279773807598068061e+02	3.580912976888929506e+02	7.042516547491015899e+01
-9.255296975362281273e+02	8.388292931361696674e+02	2.271984250638805065e+02
-2.857743958040701386e+02	-1.886062404119581259e+01	4.233880431425474171e+02
1.299036602795502304e+01	-4.045462639321600022e+02	4.045733891834866824e+01
-7.863722415613422356e+01	-1.203674519871826988e+03	-1.238808933790159159e+02
-4.849575604153686754e+02	6.325371709080136498e+02	-4.004078891488738634e+01
7.946956701670505936e+02	-1.347611631461645345e+02	-5.158184807909568548e+01
3.847365721904016311e+01	3.879194023711904151e+02	5.333641674437500768e+01
-3.340777834456294215e+01	3.154437647463237795e+02	2.191449472263928442e+02
-7.067240875195611238e+01	1.009194762166997634e+03	-3.391795590946446737e+02
1.530010087832179977e+02	-1.940445311270500497e+02	4.754982079854788708e+02
-6.230654086167264722e+02	5.002178130212873839e+02	5.530723195775564704e+01
-4.084039077294055886e+01	2.241326142199321225e+02	-3.304375910273614068e+02
2.110483090771117887e+01	1.080596594393315854e+03	3.092481631860696325e+02
-7.760941658513669950e+01	-3.926727279393132903e+02	-9.938323314572497225e+01
-8.350252298274909890e+01	-9.346502250408696000e+02	3.728594351041105597e+02
-5.522635201386906374e+02	3.459882244677792187e+02	3.374906750673524698e+02
1.530633786629310293e+02	-2.045933765379627403e+02	4.827801157798299982e+02
-3.900041559231577253e+02	9.701849919010535928e+01	4.117553975892161588e+02
2.955203579871954922e+00	-2.719975846088001390e+02	-2.816022343498369764e+02
2.130778612754647128e+01	7.969041527086715178e+02	-4.125434035174106384e+02
6.751275635082835436e+01	5.698644527590008124e+01	4.036793515744471392e+02
-6.369453234142338260e+02	4.921360673519766351e+02	6.247422928729339731e+01
6.259464910293611695e+01	-3.163128063099823635e+02	2.300597431613293224e+02
-6.702916503969356654e+01	-1.619949934438706407e+02	3.393094073252914882e+02
8.077470076766496732e+01	1.076114324252050096e+02	3.901135856560605930e+02
-2.364029043630027900e+02	7.621160718285873372e+02	-2.878391592324462422e+01
-2.523625164014752897e+02	-7.517672151871271353e+02	-1.821380321663742663e+01
7.509891914775287205e+02	2.370651538589084169e+02	1.783046123949716133e+01
-9.942698425179261221e+02	9.161743716458702238e+02	2.104623689119183041e+02
-6.863673575206947817e+02	-4.265292362811189264e+02	9.473543750881717074e+01
-7.802947391254656395e+02	1.678148175159213338e+02	-3.205755862812057444e+01
7.903163732358041216e+02	6.587049900804419167e+02	2.635685078555802079e+02
-7.005288088566435363e+02	5.139657391181560797e+02	3.018136397305763126e+02
4.985451797422355185e+02	-6.118112860832566184e+02	-6.003925055886480777e+01
-7.308971291742874428e+02	3.118573314202856182e+02	3.622376261968287281e+01
7.947643874286849268e+02	6.243618923437086465e+01	-7.751756642381056395e+01
-6.368464630118466374e+01	4.570483736910367156e+02	-2.206943356504608289e+02
-3.883465737678569667e+02	-6.947604793375322743e+02	-8.406672420163506843e+01
5.998562621164366249e+01	1.112073360442065990e+02	3.923073704908058517e+02
7.139713630602508943e+01	-7.384593395606345894e+02	3.945644483290255948e+02
-6.892736954887210743e+01	-4.030310030228754385e+02	-1.063318907408908274e+02
9.178054652955861457e+02	8.160067124724744190e+02	2.414062523329664032e+02
4.581820415913784927e+02	6.517296372178434467e+02	-6.145143804411191013e+01
6.829854493034216034e+01	-3.331198301423563635e+02	2.062690783530066483e+02
-5.957958373597775648e+01	2.193137085011649674e+02	-3.382678849449430913e+02
-4.346771432095535488e+02	1.855977643936822972e+02	3.818723636605278671e+02
6.412513430905728455e+02	4.744720772781471396e+02	3.236678124504654761e+02
-2.470976421470365736e+01	-6.199712433663991362e+01	4.037324561759674566e+02
-7.189839141653745855e+02	3.453839987470160509e+02	7.572070639096226330e+01
-3.880729607697731467e+02	-7.094127218952597786e+02	-7.005118581246702547e+01
-6.533260328483802937e+01	-9.282636765618616437e+01	3.820437013771099828e+02
3.694121501803228824e+01	3.018413466089033932e+02	-2.563929891837713058e+02
-2.215165503998530880e+02	7.816936821662565080e+02	-3.480866807024164444e+01
3.014385435173135761e+02	-7.411690586737206559e+02	-4.013461479029263046e+01
7.233088697721145763e+02	5.654408748196815395e+02	2.815977745062132271e+02
9.384744057381186622e+02	8.442457049232095869e+02	2.082199035384014678e+02
-5.982204355001162099e+01	9.308728833920640682e+02	-3.889671261245416076e+02
2.072816737144065371e+02	8.051448076338110695e+02	8.111495698914087171e+00
7.372548818554301420e+01	-6.284697464146298671e+02	3.721396603946429309e+02
7.741483041280891939e+02	-1.935619470189312210e+02	-1.028132254187070771e-01
5.234179349384600073e+02	6.143450638777305812e+02	-4.208154952392420967e+01
-5.105284748476715606e+01	1.036883317637757727e+03	-3.059777610323898784e+02
4.063803238681572338e+02	6.767465596512461161e+02	-7.723696496924971200e+01
7.294161121279513509e+02	-2.885963849237160161e+02	5.220815168380698879e+01
-6.166991712777369230e+02	4.100873656039135540e+02	3.137225317038722778e+02
-8.174279149846559278e+01	-2.728407730874213257e+02	4.994963291853712803e+02
-8.248717941369855566e+01	4.488676831939291674e+02	-1.891965999518697856e+02
4.137448950699450023e+01	4.666839223475267886e+02	2.270109380721223147e+02
-4.155048098450910743e+01	-7.646341544870541611e+02	-4.131441649165566901e+02
5.701553253080514878e+02	-5.494742626098662868e+02	1.884484590345815036e+01
-4.589656009660813538e+02	2.052009345603679265e+02	3.915505175376329134e+02
-2.414593645175617098e+01	8.357618935082705320e+02	-4.049159361369947305e+02
8.156192761840851801e+01	-5.968771574751561957e+02	3.649829278086763793e+02
7.235339414116339185e+01	1.911090506665244106e+02	3.506956970174879871e+02
-2.213552835798135163e+02	-8.310038893054151288e+01	4.652735956942654525e+02
6.496320553411435412e+02	-4.610267233243342275e+02	5.904167367677895584e+01
8.003883584447539761e+02	6.518656215510605989e+02	2.618285154231892307e+02
7.172342615097818452e+02	5.521206406034071961e+02	2.956948813509895331e+02
-7.466628515336641385e+02	-2.945256134173717442e+02	6.519090916386134893e+01
1.005346716993979499e+03	9.320864771206072419e+02	2.105929336167981205e+02
-8.821332064955818169e+02	7.873521176543239335e+02	2.227352627414839219e+02
7.130580755388315595e+01	-1.888812872764455051e+02	-3.524705391429640713e+02
-9.862950378264069968e+02	8.899980818290849811e+02	2.030506335768425572e+02
6.008445264432211843e+02	3.966535219512366552e+02	3.348303673014119681e+02
-7.022689000977730984e+02	-3.352657401021550072e+02	6.243799289555522591e+01
4.421048533808467482e+02	6.672887108242309750e+02	-7.497588617610540496e+01
6.278080038222777830e+02	-4.902470034643717440e+02	5.201834522502221603e+01
7.542911067536447263e+02	2.850206823976298551e+02	6.312489562847896707e+01
-4.553481685664748113e+01	7.956026342453062625e+02	8.109643813409675772e+01
1.769283430939309909e+01	-4.078582567753031753e+02	-5.429757040225240416e-01
-1.349452106353290226e+01	-3.969799219004756878e+02	5.312753097627884245e+02
-8.158017543560770264e+02	-2.510426041885455817e+01	-7.213080069857670651e+01
6.884245886406342834e+02	-4.044835970712286439e+02	7.551752738631641648e+01
8.631257552137258244e+02	7.397689853143833716e+02	2.324749790231720112e+02
-8.618918584871197197e+01	-1.492097786151990420e+02	3.471424781416681640e+02
-9.318978005088682792e+00	2.910889412064721000e+02	2.723109753087244371e+02
-7.752308371537387757e+02	-1.970306373191868943e+02	-1.442752664727509071e-01
5.346710208501973227e+01	-3.413404998812654298e+02	2.141004298076955195e+02
2.631496556172480155e+02	-3.677746714635688363e+01	4.442447374778617473e+02
7.662329282096507086e+02	2.487187761587692307e+02	2.757751530710789467e+01
-5.653561359608389836e+01	2.302595854480456978e+02	-3.324260530170331549e+02
6.491295564773602109e+02	4.839663389429895801e+02	3.114768715736568083e+02
3.013489670783110697e+01	-1.207718946243140635e+03	3.275711098677759736e+01
-9.112853620490028561e+01	3.701450362569140111e+02	1.758181538478021935e+02
4.526624615871760682e+01	-4.381911901474239244e+02	-2.380847391767101158e+02
9.624410352593604046e+01	-3.564299989203362884e+02	1.835125659342537574e+02
3.212544219980780014e+01	1.044440759402599042e+03	3.242910251748332371e+02
-2.578298098219420353e+02	7.582485060827325469e+02	-2.268629759762117715e+01
5.135375676798894773e+01	1.033290306001291583e+03	3.310430355060298098e+02
-6.563477135334505874e+01	1.015014960284976496e+03	-3.551116632359136815e+02
9.642329238673852387e+02	8.693099830184228267e+02	2.142163447733250905e+02
7.652692838806917734e+02	6.136982101421145899e+02	2.691964894914870001e+02
7.933068334385751541e+01	4.231326682719169412e+02	1.677997389368502468e+02
2.679920207660066467e+01	4.183955430350142706e+02	3.944168378163485755e+01
9.368161999522878887e+02	8.637058535193757507e+02	2.050631482860803771e+02
-5.609131984505101087e+00	7.892844232054650320e+02	8.528499202114171851e+01
-3.397979983155108243e+02	7.181188387682930170e+02	-6.215785890590929341e+01
-7.604693428096699108e+02	2.475129014098940843e+02	3.376787107499968954e+01
-6.982081312736858081e+02	5.531223537710164919e+02	3.094062760833475068e+02
4.144624227593697015e+02	-6.839653815150280707e+02	-7.453822441436827262e+01
4.680848259261004785e+01	3.849731952097453700e+02	-8.612338107145063759e+01
-6.392791553259512760e+00	-7.856637241076240343e+02	-3.967158113363167331e+02
-5.689177954991970410e+01	8.739083500153752766e+02	-3.808747522494857662e+02
1.025334935304580419e+01	1.676863756833020958e+01	4.086836879546489740e+02
8.692682995714704930e+02	7.493275423419308936e+02	2.536696304211489519e+02
3.223252673178419059e+01	-7.698972340048134129e+02	3.847263726513241409e+02
4.289480092982084898e+02	6.448731852901944421e+02	-7.038762517294821919e+01
3.336419050933795916e+01	-3.491351620297925251e+02	5.136382097428303268e+02
-7.238467568729524260e+01	-1.007190250437236500e+03	3.470671825845808485e+02
7.774824483536488060e+02	2.202226615540547243e+02	1.458936208735860873e+01
-3.524791921979661424e+02	7.197710058432884352e+02	-8.931286061243086749e+01
3.747659890746808173e+02	-6.935815749651183069e+02	-7.742373095765609037e+01
-7.810261640857675047e+02	1.731890045610495008e+02	-2.539332580742863854e+01
-4.110941884078066266e+01	4.355996295619067382e+02	-8.482657289001726042e+01
5.891539830773183439e+02	4.984568198102456904e+02	4.810827741510226474e+01
6.959886933455393887e+01	-1.206483803273862122e+03	9.586717230145058011e+01
-7.849052649874562348e+02	-1.165254858481783486e+02	-4.766733659532939527e+01
5.617922037671345947e+01	-3.365913054151844221e+02	2.009146034774970531e+02
-7.928518676533863072e+02	-8.237792747209415722e+01	-6.526200978986921086e+01
4.473667215931792285e+00	-8.002455288511063145e+02	4.013151097438171178e+02
7.457864357696195157e+02	3.206594969847610628e+02	4.077516502719831237e+01
-9.004068598670151005e+02	8.033182654658255615e+02	2.240769647023583673e+02
-6.575408874460609354e+01	2.186348808178194929e+02	-3.335587834511326832e+02
6.241178261985098175e+01	-3.867656033867233418e+02	1.023564394610059338e+02
-3.772631082458294145e+02	1.064831450701559987e+02	4.154535901054866258e+02
7.988052398176608904e+01	1.034952367630274921e+02	3.826349093722785710e+02
4.190027045937359276e+02	1.627546551669237829e+02	3.964841784391387591e+02
3.793011080632552989e+00	3.961596954030769098e+02	6.346275078626231192e+00
4.774892722200762591e+02	1.973317654451859084e+02	3.736856359116700332e+02
-4.513237957686865798e+01	3.966545207022385284e+02	7.150667186668390229e+01
4.566228904961479316e+02	1.833564143551230927e+02	3.961703804172320247e+02
-8.046768146508370023e+01	-1.147532482623238366e+03	-1.822381034403887554e+02
-3.827257810323013700e+02	7.088786869582758072e+02	-7.260319694417364644e+01
1.696818499457345908e+01	4.089711399286310893e+02	-5.455047465306336107e+01
8.473971888789191098e+01	9.795817351344711597e+02	3.760243322146747005e+02
6.009841460715584844e+02	5.317101088604225652e+02	2.564558361629922345e+01
-8.339059523638282201e+01	-1.752995883296289605e+02	3.705347626529514855e+02
-7.950535130826411034e+01	1.167540790069211880e+03	2.042292528100923619e+02
6.804763091951511456e+01	-3.932727678109106932e+02	1.222722798281951953e+02
1.497863910650119124e+01	-1.063371680488970696e+03	-3.141564430962743018e+02
-3.066845968886626679e+02	7.322268547870285147e+02	-6.518995557983316758e+01
3.778751122797974062e+02	-7.119000715008987754e+02	-8.716424294016283625e+01
-2.519975250736838035e+01	-3.126676168936816680e+02	-2.314999099420802224e+02
-1.097109227697164258e+01	-1.069450312298894914e+03	3.112446985139216622e+02
-7.154945117833574386e+01	-7.376035484048558999e+01	3.864499574997370814e+02
-6.174488849493109228e+02	5.125104065360471850e+02	4.995301694946726201e+01
1.024769382637559190e+01	-3.905238546732815621e+02	5.303153889541976014e+02
-8.612989000989023225e+02	7.751549136614657982e+02	2.242043722076876122e+02
-4.049276556560781160e+01	-5.412592682411627720e+02	-3.100170486817144138e+02
9.083516082381756007e+01	9.243760954075873997e+02	3.935304575521126935e+02
8.198203916693651649e+01	-1.151786058673080333e+03	2.095025263767920478e+02
5.883717694062994497e+02	3.900244615590015087e+02	3.277100460705737532e+02
2.989589756807450840e+02	-7.518788552000605705e+02	-4.347039779878619470e+01
-5.824907794555332430e+02	3.816102438003592283e+02	3.446500209995948012e+02
-4.260333264479962168e+01	6.016828884049608632e+02	3.417954538107865119e+02
6.541257200283791917e+01	-3.154288473626750715e+02	2.177059502898831340e+02
-4.416243612447219391e+01	-3.301290525905954496e+02	-2.159597543437517402e+02
8.183739201372840171e+02	6.974276157617613308e+02	2.560718978955486591e+02
-2.357818134869033955e+01	-4.052579887488100212e+02	4.137329834962905295e+01
7.969816598825400433e+02	1.376254323715369878e+02	-6.108804728289781139e+01
-8.903327064935808721e+01	-9.823194348576043922e+02	3.501414296252590930e+02
7.935938358770238210e+01	-1.743011929247788316e+02	-3.531931059877699113e+02
7.182310905972220780e+02	-3.123350015934358908e+02	4.355790204055424653e+01
-7.320726794152868706e+02	-3.448748080750473832e+02	6.011968526301077986e+01
-5.242650771322141736e+02	6.077211717630959811e+02	-2.519543252906256825e+01
-9.648363622969815196e+02	9.214001205774977734e+02	2.025166594511760536e+02
7.624585494049767931e+01	-2.065590618511172920e+02	-3.454602466652677890e+02
2.903332054336689225e+02	7.411923768512780271e+02	-4.982379723610016242e+01
-6.206548909880392983e+01	-1.048251235588887994e+03	3.368284930577719933e+02
6.996052089436849997e+01	-9.734159884447559534e+02	-3.706445984043592716e+02
-4.813569087275603238e+02	-6.212285749049684682e+02	-4.966586358536054746e+01
7.431973331840842434e+01	-9.842528679068203701e+02	-3.663691415387071970e+02
3.177036951325323457e+02	7.502090728847219907e+02	-5.485408614517344006e+01
-4.914123514748835078e+02	2.717297932641585589e+02	3.601111007272324400e+02
-6.096064321290984367e+01	1.180238387833974002e+03	1.304281891042078314e+02
-4.584102550493701642e+02	2.144121768543324436e+02	3.893632610949758259e+02
3.053540922947804859e+01	4.742761915994014998e+02	2.414034112811313264e+02
3.415256133471781936e+02	6.997957534353929532e+02	-4.894855437760973871e+01
5.229824597560974553e+01	4.572398269151760815e+02	2.182524937382747510e+02
-1.013546033893332492e+02	-2.608928281752502016e+02	4.962684067314582421e+02
6.138999456320061654e+01	1.133363640612009931e+03	-2.341757936411097489e+02
6.190636506835625141e+01	1.188426233113576018e+03	-4.976470143084652875e+01
9.007759081441423632e+02	8.125762898151647278e+02	2.308514471533822245e+02
-1.914822186234490431e+01	-1.108612480065834461e+03	-2.826853976044321826e+02
-1.480416095476635974e+02	-2.070698901536541428e+02	4.634585530587866060e+02
7.010248886228293941e+01	2.130720413623288891e+02	3.366163616131570961e+02
7.162191423240249151e+02	3.753022419356458386e+02	6.342684604952218308e+01
1.555502266358507768e+02	7.916817318732383910e+02	5.178341344695383697e+01
7.093517887230493670e+02	-4.113844962752814354e+02	7.045523204702580244e+01
-6.007590486344994360e+02	5.164715297467478194e+02	3.631226626280010805e+01
-7.334534253243369051e+01	-2.966594241802416718e+02	5.121034526722479541e+02
8.238635650643315955e+01	-1.181038363284769730e+03	1.173447027444455273e+02
-1.568503722462235714e+02	-2.037041111333711285e+02	4.781716998170068678e+02
-7.911370242684212144e+02	-9.332482741188964326e+01	-4.789025113078858453e+01
-6.169423825407464079e+01	-1.207247789092026551e+03	-7.072340638256515888e+01
6.914030546732545872e+02	4.134559847743748833e+02	9.106105925459350203e+01
-7.569730544356627888e+02	2.776519238885593950e+02	4.173707493203026786e+01
5.414224192889352594e+01	4.686425993322122281e+02	2.286431445357343648e+02
1.928233376066643530e+02	-1.759646569563137177e+02	4.646196661797932279e+02
-5.545145018592764075e+01	1.185609276711555367e+03	6.298669281304495371e+01
5.953099246350190015e+02	-5.145264193122653751e+02	3.475207353247976982e+01
-1.158556917835332278e+01	7.855757390025056566e+02	5.575384169538425283e+01
-5.227043119269505667e+01	4.425750288821301979e+02	-2.094504361412030562e+02
-2.458949900420967083e+02	-7.683121797567466729e+02	-2.362303327436871214e+01
-7.536725467521573307e+01	-1.172014441421282299e+03	-1.642320502210718587e+02
9.115149760317981986e+01	4.310691043840894281e+02	1.547917759923185770e+02
8.737570941973106642e+01	-1.161415668721583643e+03	1.666895383795678356e+02
4.609135099763537191e+00	-1.073059216126558113e+03	-2.953498376534597014e+02
5.803679129839777033e+02	5.643530720771772167e+02	1.323924235007509864e+01
-2.990745565757574553e+00	-3.990106321345455740e+02	5.114799807463945740e+02
-8.413206826310610609e+01	6.590093213527670741e+02	3.805927127612591789e+02
6.266470994760964430e+01	-3.666117331377492974e+02	1.239245831040194759e+02
-7.610540165681125018e+02	-2.183858054818956589e+02	5.239768348498660799e+00
-1.390631711460486315e+02	-2.046297686879765934e+02	4.897965247183410042e+02
-4.974467809913491578e+01	3.295271576005936254e+02	2.375277910081878758e+02
7.940831865961240510e+02	-6.734080346929309258e+01	-6.878365149882557716e+01
4.626115318012031707e+02	-6.704435399495822594e+02	-7.660166138424672511e+01
-1.566442189845766109e+00	2.744009529898075925e+02	-2.842458938834401465e+02
6.326918577294183024e+02	5.009758955101991091e+02	4.862243104855478748e+01
-7.960362803053981224e+02	1.634389013442804526e+02	-3.810352782156954277e+01
1.130783632227018529e+02	-7.881289079653465706e+02	7.319372464200320394e+01
-6.069213446146004571e+02	3.764469682316025683e+02	3.304101624258242396e+02
6.297011864179658005e+02	5.017587452014595328e+02	4.419401969507310923e+01
-2.535265555046257191e+01	5.217105691528332727e+02	-2.514244252826157435e+02
7.447354054542902304e+02	5.877732443327619194e+02	2.730781781164361064e+02
9.262014342398374822e+01	8.028005005512413845e+02	5.106187148809313214e+01
-6.647881841792274145e+02	4.620684567309331214e+02	7.493185087541587563e+01
6.913872085299856280e+02	-3.982215867158085416e+02	8.857000770579338678e+01
7.686449592863316127e+01	1.248233364455893764e+02	3.842920280301107709e+02
1.098044496387214508e+01	8.074168480139488793e+02	3.859786152949757820e+02
6.478744511763088099e+01	7.152769920994022357e+01	3.933393000470667289e+02
-3.289618973059519362e+02	-7.318066550055481230e+02	-7.727171126307173665e+01
6.545568892719091991e+02	4.567752005957353276e+02	3.101213499805958236e+02
1.791374454541387706e+01	-6.854995068360254962e+00	-4.065969718193124436e+02
-6.359344020713595000e+02	-4.752868936071824351e+02	5.928715477822323976e+01
-7.114214557311721592e+02	3.723892246406971935e+02	9.460885332087399036e+01
6.822476695901922028e+01	4.011746027351173893e+02	-8.490481365604765074e+01
4.965974412760191399e+02	6.001000840612925913e+02	-5.315455422247432438e+01
6.600857637705978505e+02	-4.101209904535716646e+02	7.003417140304998156e+01
4.993306038709347305e+00	-1.084203610588586116e+03	2.704979461392243820e+02
-1.722710880797757795e+02	-1.445363479813641732e+02	4.720638550171533439e+02
-4.771408878098527850e+01	-8.673425121714025181e+02	3.934255720282125708e+02
-6.639408464439992485e+01	-8.066114254770282059e+02	6.571055181449737859e+01
2.016524218694028292e+01	1.211173647480797399e+03	-1.837746234368204767e+01
-5.979868781487490423e+02	3.785904229227477913e+02	3.358639075956507440e+02
-5.221783914586120545e+01	7.856634267161355183e+02	7.678162993063185127e+01
-1.588013651873743584e+02	-7.981586093167596800e+02	1.886623952108989499e+01
-4.669750659477587362e+01	-1.198286650185812505e+03	-3.089279749688498811e+01
3.007489602400406525e+01	-2.642449103365964334e+02	-3.228659964593387031e+02
8.340062665548245491e+01	1.835346568984279259e+02	3.446342169373977526e+02
2.745151203004006675e+02	-2.692065559137910924e+01	4.296110243114880518e+02
3.087182893508324355e+01	5.599977601110025489e+02	-3.019422349081158927e+02
-7.746808402370850217e+02	-1.381264791945302193e+02	-4.478295785053288114e+01
9.146516946185236066e+02	8.123477008183515409e+02	2.391853961982077692e+02
6.694341687023501208e+01	1.181818652977960937e+03	-8.016001167744954614e+01
6.428622541999344548e+02	4.281310353685128689e+02	3.246372516915876076e+02
-1.142063959770702652e+01	-1.082511733595613350e+03	3.009260904885840660e+02
7.681613575614049978e+02	2.740181672426410842e+02	4.186790895903248355e+01
7.973843023168579975e+02	1.608725839099525388e+02	-3.688112854980815314e+01
-7.366732876808305264e+02	-3.517688597251167266e+02	7.558358045558087213e+01
-5.217474851636004587e+02	6.097646196455390282e+02	-2.216822647535444446e+01
-7.944443824057177608e+02	-6.986449797210389079e+01	-7.720659293903460707e+01
5.702947243477490247e+01	1.023044894993096818e+03	3.210928862127620960e+02
6.720282555619559162e+01	9.020853039106608549e+02	3.830572962520947726e+02
7.456510418142714514e+01	-4.123263211109288022e+02	-1.050791886755443727e+02
-2.314262479389185501e+01	5.035190629712027430e+02	-2.503985227052101550e+02
-6.228864016659939580e+02	4.164589485432503579e+02	3.143754528070969627e+02
-7.416694771444062440e+01	9.214863271674167891e+02	-3.685563291683484408e+02
5.465896163251571807e+02	3.127654284932751807e+02	3.678746152223182548e+02
-2.176721465133532263e+02	-9.455242582405303153e+01	4.552288546233526176e+02
8.007128450198995040e+01	-9.631139881486896002e+02	-3.574242710481715335e+02
6.117330647863367403e+02	4.226078815408572495e+02	3.248728360540818585e+02
-7.544832358222597577e+02	6.175715864218406068e+02	2.637129474592309748e+02
-5.520536545981769905e+00	-1.059218931376174396e+03	2.925689697348491904e+02
-9.571126957080311968e+02	8.826797118368535848e+02	1.968118358388982756e+02
5.093075910338983192e+01	1.122083003410319719e+02	3.862392463177367290e+02
-7.476304311590735097e+01	1.337882864450146485e+02	-3.709310072394038116e+02
-2.179404893907923579e+01	5.356527704557753395e+02	3.235287845517402161e+02
-6.209928094780973140e+01	-9.353165519585722905e+02	3.693926291483383011e+02
1.409898987322810626e+02	-2.084056580696740753e+02	4.865719362435696667e+02
4.412304326374167829e+01	1.203404836882543577e+03	-3.881044334855047140e+01
2.671104659719990195e+02	7.620588299441844811e+02	-3.642857566154514615e+01
-2.973534794676412218e+01	-1.054294827360326281e+03	2.826506018762603958e+02
-6.311116491796107084e+02	5.199727579782565954e+02	3.396937840769399486e+01
3.111524749402734642e+02	3.932068421003120307e+01	4.141408690381178417e+02
-7.260331861120680230e+01	-9.041600906087519434e+02	3.855920492769985231e+02
1.601360600589280381e+01	1.195518301656834865e+03	-3.369849139125680182e+01
-3.706194929457109879e+02	9.390874917398282662e+01	4.120514805879012670e+02
6.112825611769649470e+01	6.986091285882266675e+02	-3.914816989311329394e+02
7.482052653652174001e+01	1.154342292280743777e+03	-1.379825352711710593e+02
3.990279812254073022e+00	-4.983989461787780897e+02	2.573482295981729067e+02
9.196994577456068498e+01	-2.693000920950742056e+02	5.016829860391408715e+02
9.277838667318014814e+02	8.290081266199237007e+02	2.139731197632940791e+02
-3.640829440174606475e+02	7.002772010174031720e+02	-8.280447537059953333e+01
6.653333969177373319e+01	3.917816019819454141e+02	-6.614829580833637124e+01
-7.910207599990958443e+02	-1.118719262374678181e+02	-5.659625290085021732e+01
-2.388575850634836968e+02	-7.558218023017205667e+01	4.779598149378241487e+02
-7.418272575000504503e+02	-3.271618186822790904e+02	5.082750606820609107e+01
-5.739040245366236093e+01	9.992413368594238818e+02	-3.510415499535049548e+02
-5.684638260958227107e+01	1.017000819535609139e+03	-3.321693345176515209e+02
5.477456362338416795e+01	4.013424993186703773e+02	-5.508291105440712698e+01
2.928716168518117868e+01	-4.847995410099256333e+02	-2.542138012112503134e+02
-1.665543050120614765e+01	-5.037317491996483341e+02	2.504463906588549946e+02
1.331908759214194049e+02	7.850596267635288541e+02	4.200610304470905731e+01
-2.390367440782277697e+00	4.076007652752863919e+02	-2.246410831141157516e+01
-2.898073556224993013e+02	-1.063049701006070968e+01	4.272012438099488350e+02
-4.121748533553952143e+02	6.826009040725199384e+02	-8.122420800539555330e+01
-4.802391467684185500e+01	3.048122266068559725e+02	2.572783510494634811e+02
-6.287400924339894459e+01	7.272569240150248788e+02	3.941734579034861099e+02
9.838498367441789583e+01	3.679174823630965534e+02	-1.704320374230536288e+02
7.461634938422048435e+02	-2.799558684015905214e+02	6.708261800456419621e+01
-4.403383076645545771e+02	-6.701385765174612743e+02	-8.754117293980851855e+01
2.552190663367476589e+02	-4.897899134570235447e+01	4.393653544469237886e+02
8.279325459038584256e+01	-1.166896904698000981e+03	1.242876197911844827e+02
-6.496287403030669338e+02	4.559704260235198490e+02	4.463185805863685118e+01
-5.142422805636408611e+02	2.798278757622404669e+02	3.518465368708205574e+02
4.949852824732017780e+02	2.599589947654388880e+02	3.690414505502474753e+02
9.314194097507689776e+02	8.387815949053327813e+02	2.506322883993157120e+02
4.886770667968761472e+02	6.430533767595767358e+02	-6.775714926425314388e+01
3.387907672720249934e+02	-7.287401752349973094e+02	-6.933075314519174981e+01
-8.470419197915347809e+01	-3.851160719113589153e+02	-1.340353536850128648e+02
-3.894447939035347872e+01	5.039113080692742415e+02	-2.436281128125895066e+02
-2.917132735147415445e+01	4.015920133858870145e+02	-3.607585861847255160e+01
2.230616834183089168e+02	7.636865094379953689e+02	4.819402520193092343e-01
-6.142153365335166093e+00	-7.944001943341587548e+02	9.245905520441583292e+01
-4.665492641268521368e+01	1.046918289385792832e+03	-3.285975404505770712e+02
-7.901199482251284678e+01	9.581613365806554157e+02	-3.836611153103800120e+02
7.302802354721704603e+01	-5.997318616315350255e+02	3.506909590597137480e+02
-7.918736850318643974e+02	-1.560242058898130324e+02	-2.508838314964458505e+01
-8.785969557788354223e+01	-1.365495787861245844e+02	3.532117916054936586e+02
3.325137351092710958e+01	-5.686313006842755158e+02	3.130467241376163088e+02
-7.163362588911421369e+01	3.705710307781308188e+02	1.526279088944110640e+02
1.206266580651321334e+02	-2.275993922182053666e+02	5.015790007696763269e+02
8.185580313019092102e+01	-4.088894667085592118e+02	-1.255644321073999663e+02
7.588673500352651047e+01	9.267372344543567806e+02	3.985013325552555443e+02
-7.533558912636850380e+01	1.456122591695769870e+02	-3.841766570113309740e+02
6.850554538220241341e+01	8.702607068753285375e+02	3.893091175996648303e+02
5.545008759567947720e+01	-1.038513940491157882e+03	-3.237085796529106005e+02
7.614860600060630702e+00	8.127924067997651036e+02	-3.972797647418706788e+02
8.052654032650981435e+02	6.505585657397703017e+02	2.754509033757033762e+02
-3.673656567039367360e+01	-5.374439570554277452e+02	-2.906376991594383981e+02
-7.989727734224648259e+01	-3.582968323743707515e+02	-1.555961300162470025e+02
-3.697605272554586122e+02	6.966968038778588834e+02	-7.516433459869877254e+01
7.047600577869124550e+01	4.244876133673669187e+02	1.517645393899341002e+02
7.775394474088128618e+02	2.383055954033858086e+02	1.747452763902322204e+01
-5.010834247306051452e+02	-6.225224426315066921e+02	-5.076774238929942129e+01
-5.445590804620391054e+02	3.143303986734214845e+02	3.496931017457901589e+02
-7.996379528484596904e+02	-1.389222302407526968e+02	-6.011491472457830554e+01
-6.245157524674878147e+01	5.789248283887966409e+02	3.411024153479413030e+02
6.581690132628673382e+02	4.673739244635518162e+02	3.102943586418238624e+02
-1.650940442311138270e+02	-7.903672618827023371e+02	4.205741954847623276e+01
7.743822546757871805e+02	1.425932416733731998e+02	-2.930262651011102193e+01
2.669375792499246103e+01	5.509829061798128578e+02	-2.939563040768725841e+02
-1.158050970487355897e+02	-7.957687423540693317e+02	5.967839172033595219e+01
-2.193780264737355523e+01	2.280154285723783048e+01	-4.022532123507633059e+02
9.448515168541273823e+00	5.110273070239460367e+02	2.815720393967486643e+02
-5.086204609644538550e+02	6.139191256388255624e+02	-5.098504605978083504e+01
-8.122643489323512256e+01	-3.647155493039450107e+02	-1.971916254796396970e+02
-6.113160255424729428e+01	-1.198230413158921692e+03	-1.410357861237827137e+02
-7.547139438833357872e+02	-2.498938785471516724e+02	3.928075170906704727e+01
5.843117245943236071e+01	8.011478312354452100e+02	9.085091139135295180e+01
-6.210012994421911259e+01	-3.932544034554191512e+02	-6.075529871436380347e+01
8.340635388157009444e+00	1.069213301058865909e+03	2.895020479167739609e+02
6.559655636688509048e+02	4.852403941634370312e+02	3.193802213756465562e+02
2.362591746969164319e+01	-4.035886605411479309e+02	-7.028807171718835178e+00
9.114086526270632760e+01	1.258272080189824180e+02	3.659537690594304422e+02
-6.964697209783268761e+01	1.035186109967836501e+03	-3.380442863056297256e+02
1.081202739287132708e+01	-4.085759998881993056e+02	-2.522574962584835845e+01
-7.311817340775046148e+01	-4.648062539067081502e+02	1.771645018174901054e+02
-3.118602506506957184e+01	-2.922824793623151436e+02	-2.590923598442014963e+02
3.873324856847285247e+01	-8.404874075197060392e+02	-4.029735982040432418e+02
-8.166753837177660671e+02	6.958133620140883977e+02	2.392642820018588736e+02
6.749435383023160284e+01	1.012657869072997414e+03	3.402642629355673876e+02
-1.766766356978047838e+02	7.844727769373830597e+02	1.845072948057185158e+01
-4.697785258010402742e+01	-1.041451575065032785e+03	3.223830306357868949e+02
-4.023354741830265624e+01	-4.082945157805427243e+02	6.697584075803843007e+01
-6.293754919577907714e+01	-7.954220864443029768e+02	7.911042873032923239e+01
-6.186726673973541324e+01	3.695398424238130701e+02	1.140889788990754994e+02
4.404118257813911441e+01	7.343821126789346181e+02	-3.912146909906352334e+02
-7.526728028214514552e+02	5.965096694781616407e+02	2.734304942361562780e+02
-3.757363029085497601e+02	-7.084263010354684411e+02	-9.161159514235644963e+01
8.221099533754706101e+01	1.170633068302016909e+03	-1.753050269382791271e+02
-7.872599245856578136e+02	-4.944640644631324733e+01	-8.782999956083607174e+01
5.746495102433209468e+02	3.637132700444688567e+02	3.185405212253265290e+02
-6.715806172805923779e+02	-4.449482901607994449e+02	7.814147819200616141e+01
-5.879384655584741495e+02	-5.501141546627743537e+02	4.610770628356273448e+01
2.689451434757717720e+02	-4.954898175782188474e+01	4.375812463660020057e+02
-3.489022894588782009e+01	-1.036934974997330073e+03	3.085348177762852515e+02
-4.928479032714402308e+01	-3.320304461276372194e+02	-2.394874750249311433e+02
-1.142820351281201141e+01	-2.496281559409776918e+01	3.887815377624355051e+02
-6.237297764260150146e+00	-5.253127232403978724e+02	-2.745601694527624090e+02
-2.877248869274176002e+00	1.212660828572495575e+03	1.734136898971038576e+01
-4.395937465310545349e+02	6.741624951650530875e+02	-6.704843921385619865e+01
1.393844999623271121e+02	-2.704348724080149395e+02	4.949873231016143222e+02
3.515847584463063669e+01	7.949900732545304436e+02	7.121990001455083075e+01
4.479603995474881799e+02	-6.618919673214338673e+02	-6.553022403709769605e+01
-7.529549429990318004e+02	3.017741454290616048e+02	4.743826162920154843e+01
5.982185386930588038e+02	3.810506602368747053e+02	3.445750226302749866e+02
6.915719237173245659e-01	-1.093434453540934783e+03	2.568382982447412815e+02
3.922517200322727149e+02	1.501924736139924903e+02	3.789256951824710882e+02
-5.685855267545125571e+02	5.541984643301674396e+02	1.089156444627449005e+01
-4.634196765783107708e+01	-7.883744262145253288e+02	8.359760687527577261e+01
7.179941633446567266e+02	3.824979271196411332e+02	9.477065724403217928e+01
2.001562701753709561e+01	7.865300558192260496e+02	7.836972679203110204e+01
-3.689547168551066534e+02	9.882977215220743972e+01	3.824670096277027369e+02
-7.525526390490992981e+02	2.576766113333426347e+02	1.385395799555134033e+01
-5.507192498089064259e+01	-3.941248542380577646e+02	8.076579122086091900e+01
5.720173775229517332e+02	5.536107131561033157e+02	-1.189340860445877013e+01
-7.516768216875689177e+02	-2.911986895343067658e+02	4.874549422202518656e+01
-5.611872360739448595e+01	6.045128892268668324e+02	3.432283136221383870e+02
-2.591305910048471333e+02	-6.832078073711515742e+01	4.507562330430097859e+02
1.881654358400236049e+01	4.116949140078946243e+02	3.324834209439110566e+01
-8.004118454317392661e+02	1.666323639547757693e+02	-3.911976025141343172e+01
-7.880101051592366730e+02	1.756171912759035649e+02	-1.725122833444817871e+01
-8.099725738715455918e+02	-2.854045249632421033e+01	-8.313916253239722209e+01
-6.311456568294430269e+01	-4.492860949003746782e+02	2.122039744920632529e+02
2.142715176517337170e+02	-1.136535385675896492e+02	4.452072966593235037e+02
-5.425050960203998329e+02	5.731916398297776141e+02	-1.177582538806249524e+00
3.046141406560199982e+01	3.910296136570917156e+02	-1.866525230352137399e+01
-2.498890589635342678e+02	7.529209903459254747e+02	-3.330924560927272182e+01
-7.346927255483698218e+02	-3.411810735388282865e+02	6.512300285105354192e+01
6.570549718554380547e+01	1.174290501881985392e+03	-1.420482838231031337e+02
-3.578179429930848698e+01	7.493325592739801095e+02	3.961189343989137797e+02
-7.686622999162898395e+02	-2.582556824540668572e+02	1.175361878175410268e+01
-7.472440613079115792e+02	-3.214295784695766542e+02	6.642376971264521046e+01
4.203870377811341541e+00	7.805797355823675616e+02	4.156801756719771674e+02
1.521616465860411438e+02	-1.924067752530186795e+02	4.847760894920234023e+02
4.441142880727849729e+01	1.124236487611531629e+03	-2.410481419653345654e+02
-2.036882860932077222e+01	4.184535011108960134e+02	-2.499557914567576233e+01
6.264337398816813902e+02	-5.136736618886196766e+02	5.233551430408388683e+01
-2.046970268841871388e+01	3.044499642004925590e+02	2.595733482046521772e+02
1.952223857185232703e+01	5.228992229266451659e+02	-2.862953365513388349e+02
8.119751328863344497e+01	1.170146948835790681e+03	-1.520958125905012253e+02
8.992833168136924087e+02	8.486971997604384796e+02	2.270988410955042127e+02
6.502588972888941043e+02	4.557617152412927908e+02	6.383039772912128740e+01
5.859857600279394774e+02	3.725482493604417868e+02	3.509892454530497048e+02
6.457720580535856243e+02	4.595590111649933647e+02	3.013858505196537863e+02
7.877492808913156068e+02	-9.238849050845701072e+01	-6.834397598055952017e+01
4.128612814227871581e+02	-7.000205623855010799e+02	-8.151619022447177088e+01
-6.210567019032271219e+02	-5.224624410763979085e+02	5.623886529206726692e+01
-6.945304437721678141e+02	-3.951017806906343708e+02	8.770991189062394255e+01
-7.674465121253348343e+02	2.132797225478190057e+02	3.834976458334723759e+01
-1.351470739266314069e+02	-1.953358077378818791e+02	4.858845544481272327e+02
1.478227643048485049e+02	-2.120158369803973528e+02	4.834977415595968750e+02
1.529227034519335007e+02	-7.913125477243810337e+02	4.651688987899022010e+01
-2.868160166474700645e+02	-6.533750429967439288e+01	4.415957199332985397e+02
7.770807838474903519e+02	6.532075923252107259e+02	2.583553352820298983e+02
-5.357070852404482508e+01	-8.777845940074547570e+02	4.022567440032684090e+02
1.871595777535082661e+00	-2.715643360719604971e+02	3.035737999187109608e+02
6.712741322398794352e+01	-6.662461082038422546e+02	3.934639923926885103e+02
3.186434908878799774e+02	7.343079799625684245e+02	-8.380667995303586792e+01
4.385010385697787001e+02	-6.884334653695101451e+02	-8.181488930449570773e+01
3.180363171306288805e+01	-4.951077168085431026e+02	-2.576196854881920331e+02
-2.257043969457584254e+01	-7.711871849033041144e+02	-3.883998539752710712e+02
-7.127095118104696780e+01	-6.947680994372285568e+02	-3.609114140702217242e+02
1.900492692370431058e+01	1.186592583832289165e+03	-2.482184864786403011e+01
-3.735957640328472280e+02	-7.007434251857363279e+02	-7.914400774260835192e+01
-7.724422393542665688e+00	-1.093915954181664119e+03	-2.643453211716886244e+02
5.804335534299467554e+02	3.769944248607791337e+02	3.450455382282799519e+02
-2.923261090373772220e+01	3.905650016009386150e+02	-4.616440434231571999e+01
4.880602433740321544e+02	-6.483664660631295646e+02	-5.892571750776610884e+01
1.241565085013640584e+02	7.955572430013768326e+02	4.629388931538800023e+01
6.308754523461295776e+02	-4.890949030104405892e+02	6.022687629812919852e+01
5.086998074618890655e+02	6.050380401543202424e+02	-3.609791042492795299e+01
7.609192299393862413e+01	-4.411777576692053344e+02	-1.578210079734645603e+02
-7.666832049959587891e+01	1.181112448198449556e+03	9.434327797856391840e+01
7.016146822094710842e+02	5.550210193688551499e+02	2.890015763022157671e+02
7.651714759247415998e+01	-3.839515292884947257e+02	1.195734901648183381e+02
6.722907278911286539e+02	-3.997618567778224588e+02	8.596766508937218987e+01
4.774171993811779657e+02	6.409460849725983280e+02	-6.677839135783236202e+01
-7.697002707431494173e+02	-1.684377206856165685e+02	-2.480834155559595189e+00
1.119237600339791783e+01	-5.102896743021136672e+02	-2.663139027338643814e+02
-6.475801730972078758e+02	4.781741942569193498e+02	6.537997053972988226e+01
2.377776923418694821e+02	7.752619249804041601e+02	-3.643559298080306519e+01
6.968443877560292776e+01	-9.954730233292333423e+02	-3.835434456315686589e+02
-3.223908279994610382e+01	1.403429503751858753e+01	-3.967591162509402238e+02
7.090797094186865479e+02	-3.948252975542529271e+02	9.280407926216878423e+01
-7.278935698290278822e+01	1.132544183569514331e+02	-3.839990485855601037e+02
-7.262141389675523442e+02	3.388689256806400749e+02	7.238750373393517634e+01
-4.002876519686968493e+01	4.008994009470085302e+02	3.712652665119536977e+01
-4.156177385218725817e+00	-2.686198830159129329e+02	-2.922104993622668871e+02
-5.680572110917026976e+02	5.519506627180408032e+02	-1.005379360243132680e+01
3.934321815286889290e+01	-8.540251404597100873e+02	-4.078964996253246795e+02
7.738399421456301752e+02	2.087853649995863350e+02	-9.297472600750745997e+00
-1.858209455718335334e+02	-1.702195114862248317e+02	4.726786125865652366e+02
-2.975695033227456747e+02	-3.473974349465888878e+01	4.392826494220227573e+02
5.384500631643618362e+01	5.893261410978050208e+02	-3.286625359881184636e+02
1.867856014155635762e+02	-1.538603404023066332e+02	4.772083302901093589e+02
1.523410707798003614e+02	-1.899507889433324976e+02	4.763957151914992778e+02
4.259501089494293069e+02	-6.747011411004007186e+02	-7.270868423295874550e+01
6.998602258892123018e+01	1.145746871977790988e+03	-2.116489232492459678e+02
-4.052288821790187257e+01	-5.813438618283860251e+02	-3.111873509432272158e+02
-7.934378160270383660e+02	6.581935088753193668e+02	2.593159043254353264e+02
-1.593769747222637889e+01	8.181865299871566322e+02	-3.934245303631691968e+02
2.231264239954464585e+02	-7.651688127286271310e+02	-3.098095413851140734e+00
4.491170371023453072e+02	-6.521500470307227033e+02	-7.416828136332136978e+01
-2.003954892920370412e+02	-1.071988431929326708e+02	4.520641020049517920e+02
7.609237738461475828e+02	2.695444883990944618e+02	3.957001467758290403e+01
2.753253196634332411e+01	-1.202379827161591720e+03	2.630540055027156399e+01
7.522796888733772391e+01	7.092733500428756770e+02	-3.822605956393606448e+02
4.300560960504161017e+02	-6.634757718709344090e+02	-7.379502593431445234e+01
7.976670445113477399e+02	-2.051078896000149498e+01	-7.973940224122945608e+01
7.644370064755482019e+01	6.969019502990274759e+02	-3.805537360070242130e+02
8.553910041271681308e+00	-3.050291981533906096e+02	2.640715351840628387e+02
7.269486342340407248e+01	-7.859788540988631667e+02	7.553365859815676231e+01
-8.139856067120472005e+01	-8.061504770650309410e+02	7.960584181320072616e+01
5.316275727735892360e+02	-5.823251007003600535e+02	-2.339023266307080462e+01
6.269799582376131752e+01	-1.035672410518423931e+03	-3.412019659534765310e+02
-7.759325609374078567e+02	6.157272455224754140e+02	2.912018795324437406e+02
4.265092669122096254e+02	6.845982142034605431e+02	-8.354219591024596525e+01
3.229379174438028599e+02	7.250115075202676280e+02	-6.537922775458903857e+01
7.545149051158305156e+02	1.842290757685621827e+02	-2.139917515085969413e+01
7.107280806943285825e+02	3.605863082921928822e+02	6.331559032010910215e+01
-5.327638868562773951e+02	-6.048209155116252305e+02	-3.483623644543400388e+01
-7.861764345270333365e+01	7.377227519705846248e+01	-3.930189079390909797e+02
-7.705005174505804462e+02	6.102666192154774762e+02	2.781153230222617481e+02
-7.661333071458425366e+02	2.665123304606212287e+02	2.393392610093349049e+01
1.924927777168974785e+01	-3.425836628784146853e-01	-4.152615434836766894e+02
-2.603745791636312390e+01	4.001150414963920525e+02	-7.039843242134622869e+01
7.652840355993903358e+02	-2.185893958859359714e+02	2.444139909111589759e+01
-4.149537154515810471e+02	6.802006058484136020e+02	-5.939630379152984574e+01
7.373998489802843324e+02	-3.381833943319006721e+02	5.256629182415170476e+01
8.913959112248424077e+00	-3.924428591933687471e+02	-1.896428627513384413e+01
7.858505883550413955e+02	1.184793687470780412e+02	-4.956751330533267463e+01
5.226013031164424092e+02	3.213881837678752618e+02	3.802639860545958186e+02
7.727384774202126891e+02	1.823084150113431576e+02	6.484256779347283839e+00
-5.634629970292240841e+02	-5.858427222058006691e+02	-1.972529559336869909e+01
-6.067200192014313131e+01	-1.111160675944989862e+03	-2.553626141960069731e+02
7.674676886862179117e+02	2.350704972443463134e+02	2.879531846275613560e+01
-3.484359735243217528e+02	7.262320780948732590e+02	-8.852933564215318540e+01
-1.883969240960331035e+02	-7.674637572413894304e+02	3.120452530498409871e+00
-5.222834649152645170e+01	7.359329225949913962e+02	3.914488364524634676e+02
-5.211475273159715016e+02	2.826309313642474876e+02	3.809218434134236304e+02
7.216899529511684364e+01	3.917143846621743251e+02	-9.931172130405772691e+01
-8.106457502096307621e+01	-7.940341762619412975e+02	6.424449431662154097e+01
2.987162530464156518e+01	-7.117513596139815490e+01	-3.869193433244194580e+02
4.525090259625949329e+02	-6.622861536646854574e+02	-6.131303613477559367e+01
-6.189358468095095844e+01	4.186623883371287320e+02	-1.097395233616903312e+02
-7.752233392229528874e+01	1.189516362825453825e+03	1.209770782432883749e+02
-3.124311906761199111e+02	7.172717973790021517e+00	4.534744579222873426e+02
3.367019142143954582e+02	7.295607659130726006e+02	-5.439547616279784847e+01
-6.420570748339368947e+02	-4.903774398809920854e+02	6.371309639578286266e+01
8.951928572336449008e+01	1.727538799834038059e+02	3.679855231833290077e+02
-8.510082542049419772e+02	7.464582625713552488e+02	2.419108199319508969e+02
7.676003347437547575e+01	1.981167240445700202e+02	3.642328788148288368e+02
-1.505067739798914772e+01	4.087090924470409163e+02	-2.142198834012357622e+01
3.483633682673993803e+01	2.506401321559801687e+01	3.973455675925006858e+02
9.002132677587812282e+01	-4.169649275672430804e+02	-1.194162968904008295e+02
-6.115442492630516824e+01	-7.338917713130996390e+02	-3.839937214873057201e+02
-1.002860072887781655e+02	1.641218482562167367e+02	-3.608579395306419428e+02
-5.159448011659890909e+01	-8.657891239557189920e+02	3.984217602717862974e+02
5.131208415866517498e+02	-5.877023128828423069e+02	-4.555782629122698779e+01
-2.215022577284933902e+00	7.879441215606932474e+02	-4.001571745086926057e+02
-7.835678268888689217e+02	-1.497624019439071219e+02	-4.717782897607879988e+01
-4.303792975692657308e+01	3.908629747177001263e+02	4.342038568783512176e+01
6.022700666051921417e+02	4.336438978842203937e+02	3.220248660557504081e+02
5.307414590879574945e+01	1.047018563308672583e+03	3.081235037109357222e+02
6.600003534258286209e+01	1.155256004407699720e+03	-1.819054838085687038e+02
-6.300239716026912618e+01	3.903269368025707422e+02	6.708849056770429797e+01
-3.285467433292869259e+02	7.297870044735645934e+02	-7.243027610196848798e+01
6.193480906236922010e+02	4.072689122216532951e+02	3.131311903066964533e+02
7.260845635738886017e+01	-3.744741422750226434e+02	1.107278429117607175e+02
-4.459037067207691507e+01	-3.411148655480759544e+02	5.314942414281023275e+02
-2.856290881996714006e+02	7.609477174665764778e+02	-5.332856666806912926e+01
-9.537925309237982674e+02	8.328965618253873799e+02	2.168564218971353341e+02
-3.555540712711125906e+01	-1.117590456067567402e+03	-2.592049480482539252e+02
-7.927594611993259832e+01	1.404868623957462148e+02	-3.933561950824523592e+02
-1.099476739011266488e+02	-2.499243490751294701e+02	5.062339569562291217e+02
7.833143905210322089e+01	-1.189635282966265777e+03	1.072143902923276357e+02
4.043593060027804995e+02	1.040527640049198084e+02	4.120594363171966279e+02
-1.407637789792816285e+01	-7.485670022221411273e+02	-3.935513556876014150e+02
-4.547428805008262742e+01	-8.046105542867751410e+02	8.805532529217020965e+01
5.332992771547985456e+01	2.170436424918612204e+02	3.365971711824444697e+02
2.137384516853838647e+02	7.668841103072945771e+02	3.760162215014900333e+00
9.132498236371424127e+01	9.810004141423768260e+02	3.661969207312109233e+02
-4.765948650159671161e+02	2.508236584523538397e+02	3.582171062213680557e+02
-6.769508761420174778e+02	-4.287229221564621753e+02	8.087602575444056185e+01
2.371395827688781921e+01	3.971826860365558218e+02	4.223577463743701799e+01
2.910786659248318031e+01	-3.942352814268361385e+02	-3.393421377878541989e+01
-9.413081075872473775e+02	8.743519342839974797e+02	2.319234399809606941e+02
4.147271920083556296e+01	-3.867757571151230422e+02	4.528659374710174035e+01
2.121970685575281124e+01	7.745483263391148512e+02	-3.868261526929113643e+02
-8.053594383682273019e+02	-8.049864847986457406e+00	-7.249980555903088941e+01
-8.593616035070998294e+01	-9.723565550252867524e+02	3.472872292843140940e+02
5.379131040291630583e+00	7.935243371274783613e+02	4.108930881679580125e+02
7.603292856076773205e+02	6.228073438596806000e+02	2.831597536039314491e+02
-6.030643918864062414e+01	-3.228937538550345607e+02	-2.261712859355558578e+02
4.072480295627761393e+01	-4.511242750680222713e+01	-3.946606058561623058e+02
-5.353576737656354823e+01	-3.819789481930157535e+02	-8.371831127097412661e+01
2.648240202406443586e+02	-7.495813055328349037e+02	-2.804726299884704943e+01
7.647078955482794527e+02	2.417170274953477644e+02	3.246486294471453959e+01
-8.809855536520774422e+01	-9.026474145292158937e+02	3.861082663355293221e+02
9.906021819004024564e+01	7.923346898864434706e+02	4.085809325632880018e+01
-7.241475705918081474e+01	-3.241338559042927159e+02	5.164119441895600175e+02
3.656152823045329114e+01	7.931694610967624612e+02	-4.183780071154174038e+02
-6.820813284859231374e+01	-9.154979395690320416e+02	3.870784435406589523e+02
-2.334135254362004730e+02	7.672293062362251703e+02	-1.395003531853836343e+01
7.049085238669323417e+01	6.622763224315729076e+02	-3.747738641636558441e+02
6.431589866720749171e+01	1.203027020733615927e+03	-9.396031295810603012e+01
7.681681448127028489e+01	6.592258045634997643e+02	-3.877432829429989738e+02
4.825746450543732635e+01	1.129113447959335190e+03	-2.457667990102212343e+02
2.482977652603913441e+02	-7.621509988318846354e+02	-3.401701272864214332e+01
2.915750641627539963e+01	1.214592017264193146e+03	-3.649456220369568626e+01
5.726823230819286437e+01	-3.435711484280597006e+02	4.962745643791996031e+02
7.245077208602138796e+01	-7.831291108603096518e+02	7.236705222707202267e+01
-1.835214249061920544e-01	-1.106763481069367039e+01	-3.940345050543063508e+02
7.894960315020579174e+02	1.309941246991072035e+02	-5.573121454134553687e+01
6.514997145178740539e+02	4.426349912007216290e+02	8.803818404069170356e+01
-5.157335424115743905e+01	-3.990102695365131922e+02	-6.534715579990974277e+01
2.135803881911527924e+02	-1.368765943122438955e+02	4.525253166585724784e+02
3.250286926581748048e+01	-3.952563250021388512e+02	4.738915927390536353e+01
-8.439192578131827815e+01	6.286212148775324522e+02	3.505616537953475813e+02
8.390168388945716060e+01	-4.192742007717153001e+02	-1.148751188634580274e+02
6.625243318360468265e+02	4.396140563747317174e+02	6.543516341065007680e+01
-7.157340255891156175e+02	5.420242325601151379e+02	2.903718436467852939e+02
3.162946001547553720e+01	4.812053002136584041e+02	2.468463656830670061e+02
5.265992396522387509e+01	9.799042807731582343e+02	3.420255725139148808e+02
1.309155573709995224e+02	7.901659461501254782e+02	4.792629753533346104e+01
4.781076990735709131e+00	7.993229599760001065e+02	-4.166622909236788814e+02
2.566405518214822905e+02	7.706226623767363435e+02	-3.822445368740794436e+01
-4.820996145810657367e+02	6.379370634184724622e+02	-6.217710900610266833e+01
1.136003836209302733e+02	-7.689630747343666144e+02	7.464580664185157843e+01
9.345189594156774149e+01	4.377724399496424894e+02	1.785319002496199232e+02
-7.124154797276605677e+01	8.032642353874666696e+02	7.162454039937536265e+01
-6.156925676817835438e+02	5.066695070026959229e+02	5.697289476025498800e+01
6.120492186760905895e+01	8.791201234660112505e+02	3.776421449176702367e+02
-7.209968396151518277e+01	4.655231170352413415e+02	-1.826385241741491825e+02
-3.290176167128198585e+02	2.425029200459692902e+01	4.257979158517208589e+02
-6.831594969432339894e+02	4.151317808166584769e+02	7.333610534352136767e+01
6.183272152472195557e+02	4.238986513471737680e+02	3.143616700043339165e+02
6.865408961090085427e+01	-1.163236530794628152e+03	1.590529240553497061e+02
6.958092454215129408e+01	-4.618624398801323991e+02	-1.871986799853659988e+02
8.460066332524131383e+01	-9.178635109902038494e+02	-3.826937427829810190e+02
7.517007675493029240e+01	1.972878149921936028e+02	3.541521680383426656e+02
9.087354344746538573e+02	8.094679453311184716e+02	2.158362487707085222e+02
-8.044749994600897480e+02	-7.574475260173097979e+01	-5.964351863964425604e+01
2.580433390682991899e+02	-7.538441391610108440e+02	-3.446074637190503154e+01
7.926366223122568044e+02	6.235364330023396633e+02	2.630865142827990439e+02
-4.139953936420559444e+01	-6.834333007441662744e+01	3.960694790533399896e+02
-7.362004512104808995e+00	1.202707804123367850e+03	2.622208790717014892e+01
-7.111015994487620446e+02	5.133349769253803743e+02	2.911820457528550037e+02
-7.875584499794719022e+02	-5.699180945155074340e+01	-8.024846921273743305e+01
-4.067940932483760008e+01	1.070054711044845362e+03	-2.931892956215268669e+02
5.273849746419181201e+02	-5.988161716561601224e+02	-4.344310302139819413e+01
-7.682412019692938543e+01	-6.201490791656864303e+02	-3.513815740345443146e+02
1.185104933781918533e+02	-2.395482869453837509e+02	4.932210233454383115e+02
4.329322923788673734e+02	6.829147147261867303e+02	-8.496392684786928839e+01
-6.291357801290754423e+02	5.145482416991859509e+02	4.241273905029959934e+01
2.271394637508404202e+01	8.181588336552573537e+02	7.889601162108195354e+01
-2.114360282332251728e+01	-4.926079306877499562e+02	2.494851718146782389e+02
-2.901245097534723882e+01	-3.134466367975539356e+02	-2.535347743219531651e+02
-2.494132716322465626e+01	-2.940159594651033785e+02	-2.456296353947678881e+02
9.331638716533909417e+01	9.870828243916344036e+02	3.534085920824718983e+02
4.562298295736105160e+02	2.204406169846957368e+02	3.759069774235811678e+02
-7.789208979046694026e+01	4.185959482625927421e+02	-1.218555066953801855e+02
-8.396178720955452945e+01	-6.944372965595638334e+02	-3.883687303928028314e+02
-5.991883178571025326e+01	-1.194288889594227385e+03	-9.052463680497399423e+01
6.299041601856977195e+02	4.350529144536074568e+02	3.278365943132309894e+02
4.133991775028984961e+01	3.997752233147197671e+02	4.882655959703826198e+01
-7.869455457994720291e+02	-1.350915825703997086e+02	-2.181791976638006503e+01
5.640174549126563761e+02	-5.607281930201553450e+02	1.241346202133659915e+01
-7.822656296556753830e+01	1.408063885440342631e+02	-3.723509693757877699e+02
7.943554108497288553e+02	-6.640464551444584629e+01	-7.524284270429069466e+01
-8.220061452726488938e+01	3.716216427610563073e+02	1.453621856635306244e+02
-3.219316912871234990e+02	7.481626167602076976e+02	-6.055500034203104320e+01
5.847059027269722264e+02	3.954643458340467532e+02	3.172005913280480058e+02
6.971857838634038274e+01	-6.242114450620687194e+02	3.275152393925720844e+02
-6.384288656326046407e+01	-3.490214950271453063e+02	5.225032469906212782e+02
-2.034910812775727038e+02	-1.501556230126424225e+02	4.712673085318144217e+02
-4.259019863463745423e+02	6.824684572532976290e+02	-7.497098274140863339e+01
7.177683822262174544e+02	3.700424907408502122e+02	5.851537085743439093e+01
3.429797020749241199e+01	-4.955436074651579474e+02	-2.229269473290987946e+02
7.960995950887736399e+02	1.884532090846168160e+02	-1.393010282973807179e+01
-5.059792308279818940e+01	-4.292598501267474944e+02	1.180545109102948658e+02
4.341062210884089154e+02	1.707257248758412516e+02	3.893661760833464882e+02
1.345795917958336929e+01	1.086990533447234156e+03	3.101817995355099242e+02
-4.419775288723813844e+01	-3.412385902386392331e+02	5.105942928251296280e+02
3.001140826732081450e+02	-7.260153009642017423e+02	-5.960570812710199107e+01
7.907859073643847978e+02	-1.900865982270262933e+00	-8.733255773404873423e+01
-5.209186639609533387e+01	1.009405711720838553e+03	-3.403746060396196640e+02
1.210264184646748475e+02	-2.217770609927693499e+02	5.043263072121931714e+02
-3.554589615705975234e+02	8.301443656677804483e+01	4.013938519591706040e+02
2.259995258557787423e+01	1.205830058968123922e+03	-2.393049402256452396e+01
-5.787345619813437452e+02	3.612574030977236248e+02	3.422111687110138973e+02
5.317992464230492544e+01	-4.694886795168152958e+02	-2.564807641249521453e+02
-7.464319921470111296e+01	9.420570342230494134e+02	-3.701569523078849215e+02
-2.277542324240628346e+01	3.050410274800460684e+02	2.580339967662624758e+02
-3.117668247071827636e+01	4.971105375179672592e+02	-2.481807439758651128e+02
4.436529900657805570e+01	7.067620783542273557e+02	-3.844429868140278472e+02
-9.928373732550907107e+02	9.185483381411609116e+02	1.975650808138027799e+02
-6.171379444831560477e+02	5.122934075950149690e+02	2.759123990259708847e+01
-4.394938506229094344e+01	-7.445797386115188488e+01	4.076913181872490668e+02
6.806587352236906554e+02	4.214037020331434746e+02	7.785188414505496723e+01
-6.657898947725894914e+02	4.193992355010738606e+02	9.134267115903230660e+01
7.203285281805180773e+01	-3.450680399803945306e+02	1.978671373229692847e+02
2.401064173205210466e+02	-7.648133027778336555e+02	-1.864372818316644143e+01
2.692173267584568208e+01	-2.998993966676776495e+02	2.756657760478153705e+02
7.814744288212400534e+02	1.161219997817660214e+02	-4.608640120029380682e+01
3.462204082809084582e+01	-7.294625630128321063e+02	3.933583525802522445e+02
7.180718435419368006e+02	5.614419259485873681e+02	2.912865832878379138e+02
-5.912250828090118375e+02	4.022441364905746468e+02	3.322721546884158101e+02
-8.902654573920053735e+02	7.967356883345540837e+02	2.394315690764348119e+02
8.300673800888448284e+01	-3.601528376776833511e+02	1.740193701756767837e+02
3.185856300108987398e+02	7.539135671624924271e+02	-5.180937199242306690e+01
-2.128996463368320917e+02	-7.950543646099088164e+02	-6.975446780769009258e+00
3.160407766757276704e+02	-1.171970828730158765e+01	4.287333482761057439e+02
-2.358773561762191093e+02	7.593273524890089448e+02	-1.781562501314593305e+01
4.233623217660766045e+02	1.451505840760524393e+02	3.802716063479022068e+02
-9.099501712634079240e+02	7.875738675944694478e+02	2.362225430041524703e+02
-5.684262349230237277e+01	4.001500309682760417e+02	6.714697268063669355e+01
-5.576806575338019911e+02	5.771388258558830557e+02	-1.163895762926638433e+01
-7.350076758753982631e+02	3.112381812619443053e+02	4.628172825068440943e+01
-9.282286592247572798e+01	-9.233623509460221612e+02	3.737212058013888623e+02
2.731124638707125882e+02	-1.748516004780662314e+01	4.354068166355721701e+02
-5.083117121886214136e+02	2.592597850250665488e+02	3.611957608958861101e+02
6.917077190821370891e+01	1.760809532635888672e+02	3.508348529725949447e+02
3.451292218648241601e+02	9.564911852942432802e+01	4.024054311964363251e+02
7.993445632940542964e+02	-3.092115150042964444e+01	-8.509013977708963239e+01
6.954772846393019563e+02	5.963756194515663083e+02	2.957562539308259488e+02
4.978465110111173431e+02	2.524609224042633286e+02	3.711056538788089370e+02
7.398448402221965807e+02	-2.825949842815754209e+02	4.434842591023789993e+01
1.322695292542755112e+02	-2.255239547904123185e+02	4.853658733298482275e+02
4.478053048015214443e+01	2.374611030579069677e+02	3.222057928504889333e+02
-7.688521618927596819e+02	2.258031692045785803e+02	3.075408902804469946e+01
-6.028797262580818739e+01	1.136178771755727212e+03	2.259831657958808648e+02
-7.278708574599852454e+01	4.302287842455293116e+02	-1.721213200996496369e+02
4.081432541205060716e+01	1.028208945279802720e+03	3.428861826387316682e+02
8.792950413695431280e+02	7.760527464123814525e+02	2.373256598260689429e+02
-7.233559539906630107e+02	-3.255797157564855411e+02	5.717617337648128739e+01
-3.429190156400689204e+01	3.232220714572570159e+02	2.280165603889898307e+02
7.848398131838420966e+01	9.831273612429746436e+02	3.654410288149005623e+02
7.302242014218169288e+02	3.310493827715761768e+02	5.683547091672672025e+01
5.414159628905598254e+01	-3.954334879160370519e+02	-6.600716430367108956e+01
7.765555046781599913e+02	6.625171645155024862e+02	2.738051825707654530e+02
5.964901184714213400e+01	-4.779751273327760259e+02	-2.128285543139864444e+02
5.167987432575387885e+01	4.558231418680377089e+01	4.043852435892179642e+02
6.051230695212238970e+02	-5.190397923738700001e+02	3.721376510252529357e+01
7.579964310527413929e+00	-1.200624832561881931e+03	6.246240859150726799e+00
-6.532589077019538593e+01	-1.124501234958880787e+03	-1.719850667231554269e+02
8.864308827906346266e+01	1.948770136526421766e+02	3.605017285871164745e+02
7.990433003504296749e+00	-8.347036972577504912e+02	-3.958269716892370980e+02
-6.213400800193740281e+01	9.580916215755028134e+02	-3.819350411778125931e+02
4.563435872051564957e+01	-1.013540720278379240e+03	-3.364138917648760980e+02
-3.616750204498544008e+01	-3.239228687156607975e+02	-2.571826397346188742e+02
5.892945829715760055e+02	5.415002780323908382e+02	1.971914957899456766e+01
7.841265480671104342e+02	1.726198747024578211e+02	-2.081561211342853568e+01
-7.415793059723286262e+01	3.855583583565083359e+02	9.413790023832834208e+01
5.606770768413196038e+02	3.522357915906920880e+02	3.365559966887061591e+02
7.390475901697304835e+02	-3.223323002868068556e+02	5.168192058805396982e+01
-4.506900912009654689e+02	6.671507492734716607e+02	-8.396253122251826539e+01
-4.915771040033776558e+02	2.662289973482085657e+02	3.726536829099409829e+02
-8.111087689223910502e+02	-2.266032789923831814e+01	-6.678657567537791806e+01
4.560744192629289984e+01	5.440537294150568641e+02	-3.024505015011955606e+02
-2.568219747283068699e+01	8.005858615076887190e+02	9.559336816902957423e+01
-5.853534601019407546e+02	5.753736803467080563e+02	-9.034271319453892612e-01
-7.878634178136052242e+02	1.562340359174774278e+02	-5.653109121123932823e+01
-4.018908251658601216e+01	1.193585422335752355e+03	2.691881142456872311e+01
4.296672059515234565e+01	1.050289853609876900e+03	3.121635578873615486e+02
2.048321868744904179e+02	-1.258389714775846215e+02	4.646321398143414285e+02
-8.126092558150335208e+02	6.478082823536612977e+01	-5.838355525522160150e+01
4.504420977382546880e+02	1.916634526201910091e+02	3.808208500013787443e+02
